# generated by tools/extract_climate.py from 26.2
noise temperature 0 -10 6 0 0 0 1.5 0.0 1.0 0.0 0.0 0.0
noise vegetation 0 -8 6 0 0 0 1.0 1.0 0.0 0.0 0.0 0.0
noise continentalness 0 -9 9 0 0 0 1.0 1.0 2.0 2.0 2.0 1.0 1.0 1.0 1.0
noise erosion 0 -9 5 0 0 0 1.0 1.0 0.0 1.0 1.0
noise ridge 0 -7 6 0 0 0 1.0 2.0 1.0 0.0 0.0 0.0
noise offset 0 -3 4 0 0 0 1.0 1.0 1.0 0.0
noise temperature_large 0 -12 6 0 0 0 1.5 0.0 1.0 0.0 0.0 0.0
noise vegetation_large 0 -10 6 0 0 0 1.0 1.0 0.0 0.0 0.0 0.0
noise continentalness_large 0 -11 9 0 0 0 1.0 1.0 2.0 2.0 2.0 1.0 1.0 1.0 1.0
noise erosion_large 0 -11 5 0 0 0 1.0 1.0 0.0 1.0 1.0
noise nether/temperature 0 -7 2 0 0 0 1.0 1.0
noise nether/vegetation 0 -7 2 0 0 0 1.0 1.0
preset overworld temperature vegetation continentalness erosion ridge offset
depth overworld -64 320 1.5 -1.5 -0.5037500262260437
offset_spline overworld S 0 10 -1.1 0.0 C 0.044 -1.02 0.0 C -0.2222 -0.51 0.0 C -0.2222 -0.44 0.0 C -0.12 -0.18 0.0 C -0.12 -0.16 0.0 S 1 7 -0.85 0.0 S 3 2 -1.0 0.38940096 C -0.08880186 1.0 0.38940096 C 0.69000006 -0.7 0.0 S 3 2 -1.0 0.37788022 C -0.115760356 1.0 0.37788022 C 0.6400001 -0.4 0.0 S 3 6 -1.0 0.0 C -0.2222 -0.75 0.0 C -0.2222 -0.65 0.0 C 0.0 0.5954547 0.0 C 2.9802322e-08 0.6054547 0.2534563 C 2.9802322e-08 1.0 0.2534563 C 0.100000024 -0.35 0.0 S 3 5 -1.0 0.5 C -0.3 -0.4 0.0 C 0.05 0.0 0.0 C 0.05 0.4 0.0 C 0.05 1.0 0.007000001 C 0.060000002 -0.1 0.0 S 3 5 -1.0 0.5 C -0.15 -0.4 0.0 C 0.0 0.0 0.0 C 0.0 0.4 0.1 C 0.05 1.0 0.007000001 C 0.060000002 0.2 0.0 S 3 5 -1.0 0.5 C -0.15 -0.4 0.0 C 0.0 0.0 0.0 C 0.0 0.4 0.0 C 0.0 1.0 0.0 C 0.0 0.7 0.0 S 3 5 -1.0 0.0 C -0.02 -0.4 0.0 C -0.03 0.0 0.0 C -0.03 0.4 0.06 C 0.0 1.0 0.0 C 0.0 -0.15 0.0 S 1 7 -0.85 0.0 S 3 2 -1.0 0.38940096 C -0.08880186 1.0 0.38940096 C 0.69000006 -0.7 0.0 S 3 2 -1.0 0.37788022 C -0.115760356 1.0 0.37788022 C 0.6400001 -0.4 0.0 S 3 6 -1.0 0.0 C -0.2222 -0.75 0.0 C -0.2222 -0.65 0.0 C 0.0 0.5954547 0.0 C 2.9802322e-08 0.6054547 0.2534563 C 2.9802322e-08 1.0 0.2534563 C 0.100000024 -0.35 0.0 S 3 5 -1.0 0.5 C -0.3 -0.4 0.0 C 0.05 0.0 0.0 C 0.05 0.4 0.0 C 0.05 1.0 0.007000001 C 0.060000002 -0.1 0.0 S 3 5 -1.0 0.5 C -0.15 -0.4 0.0 C 0.0 0.0 0.0 C 0.0 0.4 0.1 C 0.05 1.0 0.007000001 C 0.060000002 0.2 0.0 S 3 5 -1.0 0.5 C -0.15 -0.4 0.0 C 0.0 0.0 0.0 C 0.0 0.4 0.0 C 0.0 1.0 0.0 C 0.0 0.7 0.0 S 3 5 -1.0 0.0 C -0.02 -0.4 0.0 C -0.03 0.0 0.0 C -0.03 0.4 0.06 C 0.0 1.0 0.0 C 0.0 -0.1 0.0 S 1 7 -0.85 0.0 S 3 2 -1.0 0.38940096 C -0.08880186 1.0 0.38940096 C 0.69000006 -0.7 0.0 S 3 2 -1.0 0.37788022 C -0.115760356 1.0 0.37788022 C 0.6400001 -0.4 0.0 S 3 6 -1.0 0.0 C -0.2222 -0.75 0.0 C -0.2222 -0.65 0.0 C 0.0 0.5954547 0.0 C 2.9802322e-08 0.6054547 0.2534563 C 2.9802322e-08 1.0 0.2534563 C 0.100000024 -0.35 0.0 S 3 5 -1.0 0.5 C -0.25 -0.4 0.0 C 0.05 0.0 0.0 C 0.05 0.4 0.0 C 0.05 1.0 0.007000001 C 0.060000002 -0.1 0.0 S 3 5 -1.0 0.5 C -0.1 -0.4 0.01 C 0.001 0.0 0.01 C 0.003 0.4 0.094000004 C 0.05 1.0 0.007000001 C 0.060000002 0.2 0.0 S 3 5 -1.0 0.5 C -0.1 -0.4 0.0 C 0.01 0.0 0.0 C 0.01 0.4 0.04 C 0.03 1.0 0.049 C 0.1 0.7 0.0 S 3 5 -1.0 0.0 C -0.02 -0.4 0.0 C -0.03 0.0 0.0 C -0.03 0.4 0.12 C 0.03 1.0 0.049 C 0.1 0.25 0.0 S 1 11 -0.85 0.0 S 3 3 -1.0 0.0 C 0.20235021 0.0 0.5138249 C 0.7161751 1.0 0.5138249 C 1.23 -0.7 0.0 S 3 3 -1.0 0.0 C 0.2 0.0 0.43317974 C 0.44682026 1.0 0.43317974 C 0.88 -0.4 0.0 S 3 3 -1.0 0.0 C 0.2 0.0 0.3917051 C 0.30829495 1.0 0.3917051 C 0.70000005 -0.35 0.0 S 3 5 -1.0 0.5 C -0.25 -0.4 0.0 C 0.35 0.0 0.0 C 0.35 0.4 0.0 C 0.35 1.0 0.049000014 C 0.42000002 -0.1 0.0 S 3 5 -1.0 0.5 C -0.1 -0.4 0.07 C 0.0069999998 0.0 0.07 C 0.021 0.4 0.658 C 0.35 1.0 0.049000014 C 0.42000002 0.2 0.0 S 3 5 -1.0 0.5 C -0.1 -0.4 0.0 C 0.01 0.0 0.0 C 0.01 0.4 0.04 C 0.03 1.0 0.049 C 0.1 0.4 0.0 S 3 5 -1.0 0.5 C -0.1 -0.4 0.0 C 0.01 0.0 0.0 C 0.01 0.4 0.04 C 0.03 1.0 0.049 C 0.1 0.45 0.0 S 3 3 -1.0 0.0 C -0.1 -0.4 0.0 S 3 5 -1.0 0.5 C -0.1 -0.4 0.0 C 0.01 0.0 0.0 C 0.01 0.4 0.04 C 0.03 1.0 0.049 C 0.1 0.0 0.0 C 0.17 0.55 0.0 S 3 3 -1.0 0.0 C -0.1 -0.4 0.0 S 3 5 -1.0 0.5 C -0.1 -0.4 0.0 C 0.01 0.0 0.0 C 0.01 0.4 0.04 C 0.03 1.0 0.049 C 0.1 0.0 0.0 C 0.17 0.58 0.0 S 3 5 -1.0 0.5 C -0.1 -0.4 0.0 C 0.01 0.0 0.0 C 0.01 0.4 0.04 C 0.03 1.0 0.049 C 0.1 0.7 0.0 S 3 5 -1.0 0.0 C -0.02 -0.4 0.0 C -0.03 0.0 0.0 C -0.03 0.4 0.12 C 0.03 1.0 0.049 C 0.1 1.0 0.0 S 1 11 -0.85 0.0 S 3 3 -1.0 0.0 C 0.34792626 0.0 0.5760369 C 0.9239631 1.0 0.5760369 C 1.5 -0.7 0.0 S 3 3 -1.0 0.0 C 0.2 0.0 0.4608295 C 0.5391705 1.0 0.4608295 C 1.0 -0.4 0.0 S 3 3 -1.0 0.0 C 0.2 0.0 0.4608295 C 0.5391705 1.0 0.4608295 C 1.0 -0.35 0.0 S 3 5 -1.0 0.5 C -0.2 -0.4 0.0 C 0.5 0.0 0.0 C 0.5 0.4 0.0 C 0.5 1.0 0.070000015 C 0.6 -0.1 0.0 S 3 5 -1.0 0.5 C -0.05 -0.4 0.099999994 C 0.01 0.0 0.099999994 C 0.03 0.4 0.94 C 0.5 1.0 0.070000015 C 0.6 0.2 0.0 S 3 5 -1.0 0.5 C -0.05 -0.4 0.0 C 0.01 0.0 0.0 C 0.01 0.4 0.04 C 0.03 1.0 0.049 C 0.1 0.4 0.0 S 3 5 -1.0 0.5 C -0.05 -0.4 0.0 C 0.01 0.0 0.0 C 0.01 0.4 0.04 C 0.03 1.0 0.049 C 0.1 0.45 0.0 S 3 3 -1.0 0.0 C -0.05 -0.4 0.0 S 3 5 -1.0 0.5 C -0.05 -0.4 0.0 C 0.01 0.0 0.0 C 0.01 0.4 0.04 C 0.03 1.0 0.049 C 0.1 0.0 0.0 C 0.17 0.55 0.0 S 3 3 -1.0 0.0 C -0.05 -0.4 0.0 S 3 5 -1.0 0.5 C -0.05 -0.4 0.0 C 0.01 0.0 0.0 C 0.01 0.4 0.04 C 0.03 1.0 0.049 C 0.1 0.0 0.0 C 0.17 0.58 0.0 S 3 5 -1.0 0.5 C -0.05 -0.4 0.0 C 0.01 0.0 0.0 C 0.01 0.4 0.04 C 0.03 1.0 0.049 C 0.1 0.7 0.0 S 3 5 -1.0 0.015 C -0.02 -0.4 0.0 C 0.01 0.0 0.0 C 0.01 0.4 0.04 C 0.03 1.0 0.049 C 0.1
preset amplified temperature vegetation continentalness erosion ridge offset
depth amplified -64 320 1.5 -1.5 -0.5037500262260437
offset_spline amplified S 0 10 -1.1 0.0 C 0.088 -1.02 0.0 C -0.2222 -0.51 0.0 C -0.2222 -0.44 0.0 C -0.12 -0.18 0.0 C -0.12 -0.16 0.0 S 1 7 -0.85 0.0 S 3 2 -1.0 0.38940096 C -0.08880186 1.0 0.38940096 C 1.3800001 -0.7 0.0 S 3 2 -1.0 0.37788022 C -0.115760356 1.0 0.37788022 C 1.2800002 -0.4 0.0 S 3 6 -1.0 0.0 C -0.2222 -0.75 0.0 C -0.2222 -0.65 0.0 C 0.0 0.5954547 0.0 C 5.9604645e-08 0.6054547 0.2534563 C 5.9604645e-08 1.0 0.2534563 C 0.20000005 -0.35 0.0 S 3 5 -1.0 0.5 C -0.3 -0.4 0.0 C 0.1 0.0 0.0 C 0.1 0.4 0.0 C 0.1 1.0 0.007000001 C 0.120000005 -0.1 0.0 S 3 5 -1.0 0.5 C -0.15 -0.4 0.0 C 0.0 0.0 0.0 C 0.0 0.4 0.1 C 0.1 1.0 0.007000001 C 0.120000005 0.2 0.0 S 3 5 -1.0 0.5 C -0.15 -0.4 0.0 C 0.0 0.0 0.0 C 0.0 0.4 0.0 C 0.0 1.0 0.0 C 0.0 0.7 0.0 S 3 5 -1.0 0.0 C -0.02 -0.4 0.0 C -0.03 0.0 0.0 C -0.03 0.4 0.06 C 0.0 1.0 0.0 C 0.0 -0.15 0.0 S 1 7 -0.85 0.0 S 3 2 -1.0 0.38940096 C -0.08880186 1.0 0.38940096 C 1.3800001 -0.7 0.0 S 3 2 -1.0 0.37788022 C -0.115760356 1.0 0.37788022 C 1.2800002 -0.4 0.0 S 3 6 -1.0 0.0 C -0.2222 -0.75 0.0 C -0.2222 -0.65 0.0 C 0.0 0.5954547 0.0 C 5.9604645e-08 0.6054547 0.2534563 C 5.9604645e-08 1.0 0.2534563 C 0.20000005 -0.35 0.0 S 3 5 -1.0 0.5 C -0.3 -0.4 0.0 C 0.1 0.0 0.0 C 0.1 0.4 0.0 C 0.1 1.0 0.007000001 C 0.120000005 -0.1 0.0 S 3 5 -1.0 0.5 C -0.15 -0.4 0.0 C 0.0 0.0 0.0 C 0.0 0.4 0.1 C 0.1 1.0 0.007000001 C 0.120000005 0.2 0.0 S 3 5 -1.0 0.5 C -0.15 -0.4 0.0 C 0.0 0.0 0.0 C 0.0 0.4 0.0 C 0.0 1.0 0.0 C 0.0 0.7 0.0 S 3 5 -1.0 0.0 C -0.02 -0.4 0.0 C -0.03 0.0 0.0 C -0.03 0.4 0.06 C 0.0 1.0 0.0 C 0.0 -0.1 0.0 S 1 7 -0.85 0.0 S 3 2 -1.0 0.38940096 C -0.08880186 1.0 0.38940096 C 1.3800001 -0.7 0.0 S 3 2 -1.0 0.37788022 C -0.115760356 1.0 0.37788022 C 1.2800002 -0.4 0.0 S 3 6 -1.0 0.0 C -0.2222 -0.75 0.0 C -0.2222 -0.65 0.0 C 0.0 0.5954547 0.0 C 5.9604645e-08 0.6054547 0.2534563 C 5.9604645e-08 1.0 0.2534563 C 0.20000005 -0.35 0.0 S 3 5 -1.0 0.5 C -0.25 -0.4 0.0 C 0.1 0.0 0.0 C 0.1 0.4 0.0 C 0.1 1.0 0.007000001 C 0.120000005 -0.1 0.0 S 3 5 -1.0 0.5 C -0.1 -0.4 0.01 C 0.002 0.0 0.01 C 0.006 0.4 0.094000004 C 0.1 1.0 0.007000001 C 0.120000005 0.2 0.0 S 3 5 -1.0 0.5 C -0.1 -0.4 0.0 C 0.02 0.0 0.0 C 0.02 0.4 0.04 C 0.06 1.0 0.049 C 0.2 0.7 0.0 S 3 5 -1.0 0.0 C -0.02 -0.4 0.0 C -0.03 0.0 0.0 C -0.03 0.4 0.12 C 0.06 1.0 0.049 C 0.2 0.25 0.0 S 1 11 -0.85 0.0 S 3 3 -1.0 0.0 C 0.40470043 0.0 0.5138249 C 1.4323502 1.0 0.5138249 C 2.46 -0.7 0.0 S 3 3 -1.0 0.0 C 0.4 0.0 0.43317974 C 0.8936405 1.0 0.43317974 C 1.76 -0.4 0.0 S 3 3 -1.0 0.0 C 0.4 0.0 0.3917051 C 0.6165899 1.0 0.3917051 C 1.4000001 -0.35 0.0 S 3 5 -1.0 0.5 C -0.25 -0.4 0.0 C 0.7 0.0 0.0 C 0.7 0.4 0.0 C 0.7 1.0 0.049000014 C 0.84000003 -0.1 0.0 S 3 5 -1.0 0.5 C -0.1 -0.4 0.07 C 0.0139999995 0.0 0.07 C 0.042 0.4 0.658 C 0.7 1.0 0.049000014 C 0.84000003 0.2 0.0 S 3 5 -1.0 0.5 C -0.1 -0.4 0.0 C 0.02 0.0 0.0 C 0.02 0.4 0.04 C 0.06 1.0 0.049 C 0.2 0.4 0.0 S 3 5 -1.0 0.5 C -0.1 -0.4 0.0 C 0.02 0.0 0.0 C 0.02 0.4 0.04 C 0.06 1.0 0.049 C 0.2 0.45 0.0 S 3 3 -1.0 0.0 C -0.1 -0.4 0.0 S 3 5 -1.0 0.5 C -0.1 -0.4 0.0 C 0.02 0.0 0.0 C 0.02 0.4 0.04 C 0.06 1.0 0.049 C 0.2 0.0 0.0 C 0.34 0.55 0.0 S 3 3 -1.0 0.0 C -0.1 -0.4 0.0 S 3 5 -1.0 0.5 C -0.1 -0.4 0.0 C 0.02 0.0 0.0 C 0.02 0.4 0.04 C 0.06 1.0 0.049 C 0.2 0.0 0.0 C 0.34 0.58 0.0 S 3 5 -1.0 0.5 C -0.1 -0.4 0.0 C 0.02 0.0 0.0 C 0.02 0.4 0.04 C 0.06 1.0 0.049 C 0.2 0.7 0.0 S 3 5 -1.0 0.0 C -0.02 -0.4 0.0 C -0.03 0.0 0.0 C -0.03 0.4 0.12 C 0.06 1.0 0.049 C 0.2 1.0 0.0 S 1 11 -0.85 0.0 S 3 3 -1.0 0.0 C 0.6958525 0.0 0.5760369 C 1.8479263 1.0 0.5760369 C 3.0 -0.7 0.0 S 3 3 -1.0 0.0 C 0.4 0.0 0.4608295 C 1.078341 1.0 0.4608295 C 2.0 -0.4 0.0 S 3 3 -1.0 0.0 C 0.4 0.0 0.4608295 C 1.078341 1.0 0.4608295 C 2.0 -0.35 0.0 S 3 5 -1.0 0.5 C -0.2 -0.4 0.0 C 1.0 0.0 0.0 C 1.0 0.4 0.0 C 1.0 1.0 0.070000015 C 1.2 -0.1 0.0 S 3 5 -1.0 0.5 C -0.05 -0.4 0.099999994 C 0.02 0.0 0.099999994 C 0.06 0.4 0.94 C 1.0 1.0 0.070000015 C 1.2 0.2 0.0 S 3 5 -1.0 0.5 C -0.05 -0.4 0.0 C 0.02 0.0 0.0 C 0.02 0.4 0.04 C 0.06 1.0 0.049 C 0.2 0.4 0.0 S 3 5 -1.0 0.5 C -0.05 -0.4 0.0 C 0.02 0.0 0.0 C 0.02 0.4 0.04 C 0.06 1.0 0.049 C 0.2 0.45 0.0 S 3 3 -1.0 0.0 C -0.05 -0.4 0.0 S 3 5 -1.0 0.5 C -0.05 -0.4 0.0 C 0.02 0.0 0.0 C 0.02 0.4 0.04 C 0.06 1.0 0.049 C 0.2 0.0 0.0 C 0.34 0.55 0.0 S 3 3 -1.0 0.0 C -0.05 -0.4 0.0 S 3 5 -1.0 0.5 C -0.05 -0.4 0.0 C 0.02 0.0 0.0 C 0.02 0.4 0.04 C 0.06 1.0 0.049 C 0.2 0.0 0.0 C 0.34 0.58 0.0 S 3 5 -1.0 0.5 C -0.05 -0.4 0.0 C 0.02 0.0 0.0 C 0.02 0.4 0.04 C 0.06 1.0 0.049 C 0.2 0.7 0.0 S 3 5 -1.0 0.015 C -0.02 -0.4 0.0 C 0.02 0.0 0.0 C 0.02 0.4 0.04 C 0.06 1.0 0.049 C 0.2
preset large_biomes temperature_large vegetation_large continentalness_large erosion_large ridge offset
depth large_biomes -64 320 1.5 -1.5 -0.5037500262260437
offset_spline large_biomes S 0 10 -1.1 0.0 C 0.044 -1.02 0.0 C -0.2222 -0.51 0.0 C -0.2222 -0.44 0.0 C -0.12 -0.18 0.0 C -0.12 -0.16 0.0 S 1 7 -0.85 0.0 S 3 2 -1.0 0.38940096 C -0.08880186 1.0 0.38940096 C 0.69000006 -0.7 0.0 S 3 2 -1.0 0.37788022 C -0.115760356 1.0 0.37788022 C 0.6400001 -0.4 0.0 S 3 6 -1.0 0.0 C -0.2222 -0.75 0.0 C -0.2222 -0.65 0.0 C 0.0 0.5954547 0.0 C 2.9802322e-08 0.6054547 0.2534563 C 2.9802322e-08 1.0 0.2534563 C 0.100000024 -0.35 0.0 S 3 5 -1.0 0.5 C -0.3 -0.4 0.0 C 0.05 0.0 0.0 C 0.05 0.4 0.0 C 0.05 1.0 0.007000001 C 0.060000002 -0.1 0.0 S 3 5 -1.0 0.5 C -0.15 -0.4 0.0 C 0.0 0.0 0.0 C 0.0 0.4 0.1 C 0.05 1.0 0.007000001 C 0.060000002 0.2 0.0 S 3 5 -1.0 0.5 C -0.15 -0.4 0.0 C 0.0 0.0 0.0 C 0.0 0.4 0.0 C 0.0 1.0 0.0 C 0.0 0.7 0.0 S 3 5 -1.0 0.0 C -0.02 -0.4 0.0 C -0.03 0.0 0.0 C -0.03 0.4 0.06 C 0.0 1.0 0.0 C 0.0 -0.15 0.0 S 1 7 -0.85 0.0 S 3 2 -1.0 0.38940096 C -0.08880186 1.0 0.38940096 C 0.69000006 -0.7 0.0 S 3 2 -1.0 0.37788022 C -0.115760356 1.0 0.37788022 C 0.6400001 -0.4 0.0 S 3 6 -1.0 0.0 C -0.2222 -0.75 0.0 C -0.2222 -0.65 0.0 C 0.0 0.5954547 0.0 C 2.9802322e-08 0.6054547 0.2534563 C 2.9802322e-08 1.0 0.2534563 C 0.100000024 -0.35 0.0 S 3 5 -1.0 0.5 C -0.3 -0.4 0.0 C 0.05 0.0 0.0 C 0.05 0.4 0.0 C 0.05 1.0 0.007000001 C 0.060000002 -0.1 0.0 S 3 5 -1.0 0.5 C -0.15 -0.4 0.0 C 0.0 0.0 0.0 C 0.0 0.4 0.1 C 0.05 1.0 0.007000001 C 0.060000002 0.2 0.0 S 3 5 -1.0 0.5 C -0.15 -0.4 0.0 C 0.0 0.0 0.0 C 0.0 0.4 0.0 C 0.0 1.0 0.0 C 0.0 0.7 0.0 S 3 5 -1.0 0.0 C -0.02 -0.4 0.0 C -0.03 0.0 0.0 C -0.03 0.4 0.06 C 0.0 1.0 0.0 C 0.0 -0.1 0.0 S 1 7 -0.85 0.0 S 3 2 -1.0 0.38940096 C -0.08880186 1.0 0.38940096 C 0.69000006 -0.7 0.0 S 3 2 -1.0 0.37788022 C -0.115760356 1.0 0.37788022 C 0.6400001 -0.4 0.0 S 3 6 -1.0 0.0 C -0.2222 -0.75 0.0 C -0.2222 -0.65 0.0 C 0.0 0.5954547 0.0 C 2.9802322e-08 0.6054547 0.2534563 C 2.9802322e-08 1.0 0.2534563 C 0.100000024 -0.35 0.0 S 3 5 -1.0 0.5 C -0.25 -0.4 0.0 C 0.05 0.0 0.0 C 0.05 0.4 0.0 C 0.05 1.0 0.007000001 C 0.060000002 -0.1 0.0 S 3 5 -1.0 0.5 C -0.1 -0.4 0.01 C 0.001 0.0 0.01 C 0.003 0.4 0.094000004 C 0.05 1.0 0.007000001 C 0.060000002 0.2 0.0 S 3 5 -1.0 0.5 C -0.1 -0.4 0.0 C 0.01 0.0 0.0 C 0.01 0.4 0.04 C 0.03 1.0 0.049 C 0.1 0.7 0.0 S 3 5 -1.0 0.0 C -0.02 -0.4 0.0 C -0.03 0.0 0.0 C -0.03 0.4 0.12 C 0.03 1.0 0.049 C 0.1 0.25 0.0 S 1 11 -0.85 0.0 S 3 3 -1.0 0.0 C 0.20235021 0.0 0.5138249 C 0.7161751 1.0 0.5138249 C 1.23 -0.7 0.0 S 3 3 -1.0 0.0 C 0.2 0.0 0.43317974 C 0.44682026 1.0 0.43317974 C 0.88 -0.4 0.0 S 3 3 -1.0 0.0 C 0.2 0.0 0.3917051 C 0.30829495 1.0 0.3917051 C 0.70000005 -0.35 0.0 S 3 5 -1.0 0.5 C -0.25 -0.4 0.0 C 0.35 0.0 0.0 C 0.35 0.4 0.0 C 0.35 1.0 0.049000014 C 0.42000002 -0.1 0.0 S 3 5 -1.0 0.5 C -0.1 -0.4 0.07 C 0.0069999998 0.0 0.07 C 0.021 0.4 0.658 C 0.35 1.0 0.049000014 C 0.42000002 0.2 0.0 S 3 5 -1.0 0.5 C -0.1 -0.4 0.0 C 0.01 0.0 0.0 C 0.01 0.4 0.04 C 0.03 1.0 0.049 C 0.1 0.4 0.0 S 3 5 -1.0 0.5 C -0.1 -0.4 0.0 C 0.01 0.0 0.0 C 0.01 0.4 0.04 C 0.03 1.0 0.049 C 0.1 0.45 0.0 S 3 3 -1.0 0.0 C -0.1 -0.4 0.0 S 3 5 -1.0 0.5 C -0.1 -0.4 0.0 C 0.01 0.0 0.0 C 0.01 0.4 0.04 C 0.03 1.0 0.049 C 0.1 0.0 0.0 C 0.17 0.55 0.0 S 3 3 -1.0 0.0 C -0.1 -0.4 0.0 S 3 5 -1.0 0.5 C -0.1 -0.4 0.0 C 0.01 0.0 0.0 C 0.01 0.4 0.04 C 0.03 1.0 0.049 C 0.1 0.0 0.0 C 0.17 0.58 0.0 S 3 5 -1.0 0.5 C -0.1 -0.4 0.0 C 0.01 0.0 0.0 C 0.01 0.4 0.04 C 0.03 1.0 0.049 C 0.1 0.7 0.0 S 3 5 -1.0 0.0 C -0.02 -0.4 0.0 C -0.03 0.0 0.0 C -0.03 0.4 0.12 C 0.03 1.0 0.049 C 0.1 1.0 0.0 S 1 11 -0.85 0.0 S 3 3 -1.0 0.0 C 0.34792626 0.0 0.5760369 C 0.9239631 1.0 0.5760369 C 1.5 -0.7 0.0 S 3 3 -1.0 0.0 C 0.2 0.0 0.4608295 C 0.5391705 1.0 0.4608295 C 1.0 -0.4 0.0 S 3 3 -1.0 0.0 C 0.2 0.0 0.4608295 C 0.5391705 1.0 0.4608295 C 1.0 -0.35 0.0 S 3 5 -1.0 0.5 C -0.2 -0.4 0.0 C 0.5 0.0 0.0 C 0.5 0.4 0.0 C 0.5 1.0 0.070000015 C 0.6 -0.1 0.0 S 3 5 -1.0 0.5 C -0.05 -0.4 0.099999994 C 0.01 0.0 0.099999994 C 0.03 0.4 0.94 C 0.5 1.0 0.070000015 C 0.6 0.2 0.0 S 3 5 -1.0 0.5 C -0.05 -0.4 0.0 C 0.01 0.0 0.0 C 0.01 0.4 0.04 C 0.03 1.0 0.049 C 0.1 0.4 0.0 S 3 5 -1.0 0.5 C -0.05 -0.4 0.0 C 0.01 0.0 0.0 C 0.01 0.4 0.04 C 0.03 1.0 0.049 C 0.1 0.45 0.0 S 3 3 -1.0 0.0 C -0.05 -0.4 0.0 S 3 5 -1.0 0.5 C -0.05 -0.4 0.0 C 0.01 0.0 0.0 C 0.01 0.4 0.04 C 0.03 1.0 0.049 C 0.1 0.0 0.0 C 0.17 0.55 0.0 S 3 3 -1.0 0.0 C -0.05 -0.4 0.0 S 3 5 -1.0 0.5 C -0.05 -0.4 0.0 C 0.01 0.0 0.0 C 0.01 0.4 0.04 C 0.03 1.0 0.049 C 0.1 0.0 0.0 C 0.17 0.58 0.0 S 3 5 -1.0 0.5 C -0.05 -0.4 0.0 C 0.01 0.0 0.0 C 0.01 0.4 0.04 C 0.03 1.0 0.049 C 0.1 0.7 0.0 S 3 5 -1.0 0.015 C -0.02 -0.4 0.0 C 0.01 0.0 0.0 C 0.01 0.4 0.04 C 0.03 1.0 0.049 C 0.1
ridges_folded -0.6666666666666666 -0.3333333333333333 -3.0
